文件结构：ID（int）	datasize(int)	period(int)	deadline(int)	priority（int)	exec_time（int）	data(字符串)
===============================================================

11	28	12	10.8357	780	5	data
1	25	16	13.3033	1460	1	data
4	30	14	12.3904	385	1	data
3	28	16	11.5438	1237	1	data
12	32	6	1.88747	130	1	data
10	30	10	3.05992	1588	1	data
16	29	20	18.2943	341	1	data
17	34	4	2.70937	617	1	data
0	31	8	3.09547	2019	1	data
15	37	20	14.7383	866	1	data
5	35	8	5.49881	1230	2	data
7	33	4	2.93503	323	2	data
19	28	6	4.23084	435	1	data
18	33	18	12.5217	1760	1	data
14	38	6	5.79403	1412	1	data
13	26	20	18.0752	461	1	data
2	35	12	10.3614	859	1	data
8	30	12	6.87947	1533	4	data
6	27	8	5.83788	158	1	data
9	34	6	3.50371	952	1	data
